day	posts	likes	reactions	comments	shares
2017-01-03	1	41	41	1	4
2017-01-04	0	0	0	0	0
2017-01-05	3	245	249	11	13
2017-01-06	0	0	0	0	0
2017-01-07	0	0	0	0	0
2017-01-08	1	14	14	0	1
2017-01-09	2	73	76	1	8
2017-01-10	1	22	22	1	2
2017-01-11	1	65	67	4	0
2017-01-12	0	0	0	0	0
2017-01-13	4	517	543	15	27
2017-01-14	0	0	0	0	0
2017-01-15	0	0	0	0	0
2017-01-16	0	0	0	0	0
2017-01-17	0	0	0	0	0
2017-01-18	2	38	38	0	2
2017-01-19	1	16	16	0	3
2017-01-20	2	217	217	36	26
2017-01-21	0	0	0	0	0
2017-01-22	0	0	0	0	0
2017-01-23	1	46	46	2	2
2017-01-24	1	82	83	0	4
2017-01-25	2	53	54	6	4
2017-01-26	1	23	23	0	2
2017-01-27	1	12	12	1	0
2017-01-28	1	114	114	22	40
2017-01-29	1	23	23	0	0
2017-01-30	0	0	0	0	0
2017-01-31	2	119	122	6	4
2017-02-01	0	0	0	0	0
2017-02-02	1	4	4	1	2
2017-02-03	2	55	57	2	7
2017-02-04	1	8	8	0	0
2017-02-05	1	15	15	0	1
2017-02-06	1	9	9	0	0
2017-02-07	0	0	0	0	0
2017-02-08	2	51	51	2	3
2017-02-09	2	42	42	1	1
2017-02-10	2	19	19	1	0
2017-02-11	0	0	0	0	0
2017-02-12	0	0	0	0	0
2017-02-13	1	19	20	12	3
2017-02-14	2	80	84	4	10
2017-02-15	2	47	48	6	6
2017-02-16	1	8	8	2	6
2017-02-17	2	89	91	3	3
2017-02-18	0	0	0	0	0
2017-02-19	0	0	0	0	0
2017-02-20	2	118	128	22	14
2017-02-21	1	7	7	0	0
2017-02-22	1	34	36	0	2
2017-02-23	1	39	39	0	3
2017-02-24	3	61	61	93	10
2017-02-25	0	0	0	0	0
2017-02-26	0	0	0	0	0
2017-02-27	1	44	45	7	4
2017-02-28	1	7	8	0	2
2017-03-01	1	18	19	1	1
2017-03-02	1	1	1	0	0
2017-03-03	4	169	199	37	59
2017-03-04	1	7	7	0	1
2017-03-05	1	1	1	0	0
2017-03-06	1	10	10	0	0
2017-03-07	1	65	67	1	2
2017-03-08	2	44	44	0	2
2017-03-09	2	86	87	9	49
2017-03-10	1	33	34	2	5
2017-03-11	3	148	151	7	11
2017-03-12	1	4	5	1	0
2017-03-13	3	62	62	2	3
2017-03-14	1	16	16	1	3
2017-03-15	4	77	78	4	1
2017-03-16	1	58	59	4	15
2017-03-17	2	128	136	3	21
2017-03-18	1	40	40	0	10
2017-03-19	1	531	568	10	12
2017-03-20	4	145	153	13	30
2017-03-21	1	21	22	1	6
2017-03-22	1	68	70	6	10
2017-03-23	2	49	49	0	6
2017-03-24	2	22	22	0	1
2017-03-25	0	0	0	0	0
2017-03-26	1	2	2	1	0
2017-03-27	0	0	0	0	0
2017-03-28	3	49	52	1	4
2017-03-29	0	0	0	0	0
2017-03-30	3	35	35	4	5
2017-03-31	0	0	0	0	0
2017-04-01	0	0	0	0	0
2017-04-02	0	0	0	0	0
2017-04-03	0	0	0	0	0
2017-04-04	0	0	0	0	0
2017-04-05	1	4	4	0	0
2017-04-06	1	25	27	0	1
2017-04-07	1	22	22	2	2
2017-04-08	1	27	28	1	0
2017-04-09	0	0	0	0	0
2017-04-10	2	12	13	0	1
2017-04-11	1	6	6	0	0
2017-04-12	5	11	11	0	2
2017-04-13	1	27	30	3	6
2017-04-14	2	18	18	0	1
2017-04-15	0	0	0	0	0
2017-04-16	1	5	5	1	0
2017-04-17	1	4	4	0	0
2017-04-18	1	6	6	0	0
2017-04-19	0	0	0	0	0
2017-04-20	1	9	9	0	3
2017-04-21	1	10	10	0	2
2017-04-22	0	0	0	0	0
2017-04-23	0	0	0	0	0
2017-04-24	1	18	18	0	0
2017-04-25	3	29	29	0	0
2017-04-26	4	85	86	3	5
2017-04-27	1	25	26	0	4
2017-04-28	2	21	22	3	5
2017-04-29	1	19	19	0	1
2017-04-30	0	0	0	0	0
2017-05-01	2	86	88	3	10
2017-05-02	0	0	0	0	0
2017-05-03	1	36	36	0	6
2017-05-04	4	52	53	2	9
2017-05-05	0	0	0	0	0
2017-05-06	0	0	0	0	0
2017-05-07	1	21	21	0	1
2017-05-08	3	68	71	3	11
2017-05-09	1	4	4	0	0
2017-05-10	4	145	149	31	18
2017-05-11	2	94	94	0	3
2017-05-12	0	0	0	0	0
2017-05-13	0	0	0	0	0
2017-05-14	1	48	49	1	2
2017-05-15	3	51	52	0	2
2017-05-16	2	31	32	2	0
2017-05-17	1	7	7	0	1
2017-05-18	0	0	0	0	0
2017-05-19	0	0	0	0	0
2017-05-20	0	0	0	0	0
2017-05-21	0	0	0	0	0
2017-05-22	2	20	21	0	1
2017-05-23	0	0	0	0	0
2017-05-24	1	12	12	5	0
2017-05-25	2	99	102	0	6
2017-05-26	0	0	0	0	0
2017-05-27	2	26	26	0	1
2017-05-28	1	85	87	2	0
2017-05-29	0	0	0	0	0
2017-05-30	3	79	87	1	9
2017-05-31	0	0	0	0	0
2017-06-01	1	162	173	21	21
2017-06-02	1	2	2	0	0
2017-06-03	0	0	0	0	0
2017-06-04	0	0	0	0	0
2017-06-05	0	0	0	0	0
2017-06-06	2	48	50	1	10
2017-06-07	0	0	0	0	0
2017-06-08	3	11	11	0	2
2017-06-09	0	0	0	0	0
2017-06-10	0	0	0	0	0
2017-06-11	0	0	0	0	0
2017-06-12	2	30	36	0	2
2017-06-13	3	123	128	15	26
2017-06-14	2	100	102	7	4
2017-06-15	2	84	88	9	11
2017-06-16	2	21	21	0	17
2017-06-17	0	0	0	0	0
2017-06-18	0	0	0	0	0
2017-06-19	1	33	34	0	2
2017-06-20	1	7	7	0	2
2017-06-21	1	10	10	0	0
2017-06-22	1	56	57	0	2
2017-06-23	2	34	35	0	3
2017-06-24	0	0	0	0	0
2017-06-25	0	0	0	0	0
2017-06-26	1	2	2	2	1
2017-06-27	0	0	0	0	0
2017-06-28	1	15	15	0	4
2017-06-29	2	79	84	3	0
2017-06-30	1	9	9	0	0
2017-07-01	0	0	0	0	0
2017-07-02	0	0	0	0	0
2017-07-03	1	23	24	2	4
2017-07-04	1	7	8	2	0
2017-07-05	3	38	38	1	4
2017-07-06	0	0	0	0	0
2017-07-07	1	19	19	1	0
2017-07-08	0	0	0	0	0
2017-07-09	0	0	0	0	0
2017-07-10	1	15	17	0	0
2017-07-11	0	0	0	0	0
2017-07-12	4	66	66	44	7
2017-07-13	1	35	35	0	2
2017-07-14	3	124	129	2	8
2017-07-15	1	51	52	8	0
2017-07-16	0	0	0	0	0
2017-07-17	0	0	0	0	0
2017-07-18	0	0	0	0	0
2017-07-19	1	5	5	0	2
2017-07-20	1	11	11	0	0
2017-07-21	1	11	11	1	1
2017-07-22	0	0	0	0	0
2017-07-23	1	22	22	0	1
2017-07-24	2	54	57	2	4
2017-07-25	0	0	0	0	0
2017-07-26	1	8	9	2	0
2017-07-27	2	22	23	0	0
2017-07-28	1	7	7	3	0
2017-07-29	1	6	6	0	1
2017-07-30	0	0	0	0	0
2017-07-31	0	0	0	0	0
2017-08-01	0	0	0	0	0
2017-08-02	2	94	96	11	7
2017-08-03	2	98	102	1	16
2017-08-04	1	51	52	2	3
2017-08-05	1	13	13	0	4
2017-08-06	0	0	0	0	0
2017-08-07	1	78	82	13	0
2017-08-08	0	0	0	0	0
2017-08-09	0	0	0	0	0
2017-08-10	1	16	16	2	0
2017-08-11	1	13	13	4	0
2017-08-12	0	0	0	0	0
2017-08-13	0	0	0	0	0
2017-08-14	0	0	0	0	0
2017-08-15	0	0	0	0	0
2017-08-16	0	0	0	0	0
2017-08-17	0	0	0	0	0
2017-08-18	0	0	0	0	0
2017-08-19	1	6	6	1	0
2017-08-20	0	0	0	0	0
2017-08-21	1	13	14	1	8
2017-08-22	0	0	0	0	0
2017-08-23	1	6	6	1	0
2017-08-24	0	0	0	0	0
2017-08-25	1	27	28	3	0
2017-08-26	0	0	0	0	0
2017-08-27	0	0	0	0	0
2017-08-28	2	197	218	8	10
2017-08-29	1	19	19	0	0
2017-08-30	0	0	0	0	0
2017-08-31	0	0	0	0	0
2017-09-01	0	0	0	0	0
2017-09-02	0	0	0	0	0
2017-09-03	0	0	0	0	0
2017-09-04	2	11	11	0	0
2017-09-05	2	80	82	0	3
2017-09-06	1	4	4	0	0
2017-09-07	1	10	10	0	1
2017-09-08	0	0	0	0	0
2017-09-09	1	6	6	1	0
2017-09-10	0	0	0	0	0
2017-09-11	0	0	0	0	0
2017-09-12	3	26	31	5	3
2017-09-13	0	0	0	0	0
2017-09-14	0	0	0	0	0
2017-09-15	0	0	0	0	0
2017-09-16	0	0	0	0	0
2017-09-17	0	0	0	0	0
2017-09-18	0	0	0	0	0
2017-09-19	1	70	73	2	4
2017-09-20	2	126	132	17	6
2017-09-21	2	27	28	0	2
2017-09-22	0	0	0	0	0
2017-09-23	0	0	0	0	0
2017-09-24	0	0	0	0	0
2017-09-25	1	21	21	3	0
2017-09-26	1	2	3	0	1
2017-09-27	2	25	25	1	0
2017-09-28	0	0	0	0	0
2017-09-29	4	62	62	15	12
2017-09-30	0	0	0	0	0
2017-10-01	1	59	60	0	1
2017-10-02	1	27	30	0	0
2017-10-03	3	104	116	0	8
2017-10-04	2	55	58	3	6
2017-10-05	3	62	64	5	5
2017-10-06	1	3	3	1	1
2017-10-07	2	59	62	1	3
2017-10-08	2	57	57	0	3
2017-10-09	0	0	0	0	0
2017-10-10	2	64	77	10	2
2017-10-11	3	105	112	6	8
2017-10-12	2	16	19	2	1
2017-10-13	3	33	35	1	4
2017-10-14	2	51	52	0	1
2017-10-15	1	19	21	0	2
2017-10-16	2	4	5	0	0
2017-10-17	2	52	53	7	2
2017-10-18	2	98	102	11	8
2017-10-19	2	4	4	0	0
2017-10-20	1	4	4	0	0
2017-10-21	0	0	0	0	0
2017-10-22	0	0	0	0	0
2017-10-23	0	0	0	0	0
2017-10-24	0	0	0	0	0
2017-10-25	3	126	130	6	4
2017-10-26	2	2	3	0	0
2017-10-27	2	56	60	28	38
2017-10-28	3	21	21	0	1
2017-10-29	2	13	14	0	4
2017-10-30	2	5	5	0	0
2017-10-31	1	4	6	2	0
2017-11-01	2	31	31	0	0
2017-11-02	2	32	34	0	4
2017-11-03	4	80	87	2	10
2017-11-04	1	11	12	0	0
2017-11-05	0	0	0	0	0
2017-11-06	0	0	0	0	0
2017-11-07	1	13	14	0	1
2017-11-08	1	49	49	2	5
2017-11-09	1	11	11	0	1
2017-11-10	0	0	0	0	0
2017-11-11	1	6	6	0	0
2017-11-12	0	0	0	0	0
2017-11-13	0	0	0	0	0
2017-11-14	5	20	20	1	5
2017-11-15	2	187	202	5	40
2017-11-16	4	84	98	156	17
2017-11-17	2	55	64	11	12
2017-11-18	1	52	65	8	29
2017-11-19	1	4	4	1	0
2017-11-20	1	4	4	0	0
2017-11-21	3	51	52	13	1
2017-11-22	3	11	11	1	0
2017-11-23	2	27	27	5	3
2017-11-24	1	4	4	0	0
2017-11-25	2	15	15	0	0
2017-11-26	0	0	0	0	0
2017-11-27	2	55	58	13	4
2017-11-28	2	124	131	1	7
2017-11-29	0	0	0	0	0
2017-11-30	1	16	17	2	0
2017-12-01	1	40	42	0	2
2017-12-02	0	0	0	0	0
2017-12-03	1	6	6	0	1
2017-12-04	1	36	37	10	3
2017-12-05	2	26	26	1	0
2017-12-06	0	0	0	0	0
2017-12-07	1	169	178	2	34
2017-12-08	1	4	4	0	0
2017-12-09	0	0	0	0	0
2017-12-10	1	10	10	0	0
2017-12-11	1	176	199	44	19
2017-12-12	2	12	12	0	0
2017-12-13	2	60	64	0	11
2017-12-14	2	19	19	4	3
2017-12-15	0	0	0	0	0
2017-12-16	0	0	0	0	0
2017-12-17	0	0	0	0	0
2017-12-18	2	30	30	1	0
2017-12-19	0	0	0	0	0
2017-12-20	3	64	65	6	2
2017-12-21	0	0	0	0	0
2017-12-22	1	87	89	5	5
2017-12-23	0	0	0	0	0
2017-12-24	0	0	0	0	0
2017-12-25	0	0	0	0	0
2017-12-26	0	0	0	0	0
2017-12-27	1	47	54	2	1
2017-12-28	0	0	0	0	0
2017-12-29	2	32	34	4	3
2017-12-30	2	51	56	0	1
2017-12-31	0	0	0	0	0
2018-01-01	0	0	0	0	0
2018-01-02	1	19	19	1	0
2018-01-03	1	75	78	0	11
2018-01-04	0	0	0	0	0
2018-01-05	0	0	0	0	0
2018-01-06	0	0	0	0	0
2018-01-07	0	0	0	0	0
2018-01-08	2	118	121	2	7
2018-01-09	5	45	45	1	4
2018-01-10	2	18	18	6	1
2018-01-11	2	16	19	0	6
2018-01-12	0	0	0	0	0
2018-01-13	0	0	0	0	0
2018-01-14	1	1	1	0	0
2018-01-15	0	0	0	0	0
2018-01-16	3	26	28	4	0
2018-01-17	0	0	0	0	0
2018-01-18	1	18	25	1	3
2018-01-19	3	52	55	0	8
2018-01-20	0	0	0	0	0
2018-01-21	0	0	0	0	0
2018-01-22	2	16	17	0	2
2018-01-23	3	34	35	1	4
2018-01-24	0	0	0	0	0
2018-01-25	1	9	9	1	2
2018-01-26	0	0	0	0	0
2018-01-27	0	0	0	0	0
2018-01-28	0	0	0	0	0
2018-01-29	1	6	6	0	1
2018-01-30	2	14	16	0	1
2018-01-31	2	31	31	4	3
2018-02-01	1	43	43	2	5
2018-02-02	2	95	99	7	7
2018-02-03	0	0	0	0	0
2018-02-04	1	5	5	0	3
2018-02-05	1	3	3	0	0
2018-02-06	1	12	12	0	3
2018-02-07	0	0	0	0	0
2018-02-08	0	0	0	0	0
2018-02-09	1	10	10	0	0
2018-02-10	1	10	10	2	0
2018-02-11	1	18	18	0	0
2018-02-12	2	6	8	0	0
2018-02-13	1	15	17	4	2
2018-02-14	4	80	85	3	19
2018-02-15	1	39	39	1	6
2018-02-16	0	0	0	0	0
2018-02-17	1	4	4	2	0
2018-02-18	0	0	0	0	0
2018-02-19	0	0	0	0	0
2018-02-20	1	21	22	0	14
2018-02-21	3	75	76	4	4
2018-02-22	1	4	4	0	1
2018-02-23	1	9	9	2	5
2018-02-24	0	0	0	0	0
2018-02-25	0	0	0	0	0
2018-02-26	1	7	7	0	2
2018-02-27	2	15	15	0	0
2018-02-28	1	8	8	0	0
2018-03-01	2	178	190	12	12
2018-03-02	0	0	0	0	0
2018-03-03	0	0	0	0	0
2018-03-04	1	9	9	0	1
2018-03-05	0	0	0	0	0
2018-03-06	2	29	29	1	5
2018-03-07	0	0	0	0	0
2018-03-08	3	24	36	2	11
2018-03-09	0	0	0	0	0
2018-03-10	1	6	6	0	0
2018-03-11	1	3	3	2	1
2018-03-12	3	20	20	3	4
2018-03-13	0	0	0	0	0
2018-03-14	0	0	0	0	0
2018-03-15	2	54	57	4	2
2018-03-16	2	77	83	5	12
2018-03-17	0	0	0	0	0
2018-03-18	1	3	3	1	0
2018-03-19	3	53	54	1	3
2018-03-20	0	0	0	0	0
2018-03-21	2	12	13	0	3
2018-03-22	3	35	37	1	3
2018-03-23	1	15	17	1	1
2018-03-24	2	45	50	0	8
2018-03-25	1	11	11	4	1
2018-03-26	2	4	4	0	1
2018-03-27	3	49	53	0	0
2018-03-28	2	6	6	0	0
2018-03-29	4	35	36	2	5
2018-03-30	0	0	0	0	0
2018-03-31	1	4	4	0	0
2018-04-01	1	21	22	0	2
2018-04-02	2	16	17	2	4
2018-04-03	0	0	0	0	0
2018-04-04	0	0	0	0	0
2018-04-05	0	0	0	0	0
2018-04-06	2	37	38	0	7
2018-04-07	1	18	18	0	8
2018-04-08	0	0	0	0	0
2018-04-09	1	12	14	0	0
2018-04-10	2	19	19	3	1
2018-04-11	1	1	1	0	0
2018-04-12	1	1	1	0	0
2018-04-13	2	11	11	1	5
2018-04-14	0	0	0	0	0
2018-04-15	1	23	24	2	4
2018-04-16	4	16	17	0	2
2018-04-17	1	2	2	0	0
2018-04-18	0	0	0	0	0
2018-04-19	1	12	12	1	0
2018-04-20	1	8	8	2	1
2018-04-21	0	0	0	0	0
2018-04-22	1	6	6	0	1
2018-04-23	1	8	8	0	1
2018-04-24	3	42	45	3	15
2018-04-25	1	4	4	0	0
2018-04-26	1	10	10	0	14
2018-04-27	0	0	0	0	0
2018-04-28	1	57	60	15	28
2018-04-29	1	25	26	1	0
2018-04-30	1	3	3	2	2
2018-05-01	4	28	28	2	4
2018-05-02	1	3	3	0	3
2018-05-03	1	7	7	1	0
2018-05-04	2	28	28	1	10
2018-05-05	0	0	0	0	0
2018-05-06	1	13	13	0	4
2018-05-07	1	4	4	0	2
2018-05-08	1	11	13	0	3
2018-05-09	1	5	5	1	3
2018-05-10	1	7	7	0	0
2018-05-11	2	8	8	1	2
2018-05-12	0	0	0	0	0
2018-05-13	2	14	14	0	1
2018-05-14	0	0	0	0	0
2018-05-15	1	17	17	0	0
2018-05-16	3	26	27	7	4
2018-05-17	0	0	0	0	0
2018-05-18	4	25	27	0	15
2018-05-19	0	0	0	0	0
2018-05-20	1	5	5	0	0
2018-05-21	0	0	0	0	0
2018-05-22	1	2	2	0	0
2018-05-23	1	8	8	0	0
2018-05-24	2	22	23	1	1
2018-05-25	2	52	57	2	1
2018-05-26	0	0	0	0	0
2018-05-27	0	0	0	0	0
2018-05-28	1	5	5	1	4
2018-05-29	1	21	26	3	1
2018-05-30	2	25	26	0	3
2018-05-31	3	35	40	1	4
2018-06-01	3	8	9	1	1
2018-06-02	2	13	13	0	2
2018-06-03	1	0	0	1	0
2018-06-04	3	51	53	1	12
2018-06-05	1	10	11	1	3
2018-06-06	2	13	15	1	7
2018-06-07	1	55	62	3	5
2018-06-08	2	26	27	2	6
2018-06-09	0	0	0	0	0
2018-06-10	0	0	0	0	0
2018-06-11	1	2	2	0	0
2018-06-12	3	73	89	5	16
2018-06-13	2	21	21	3	1
2018-06-14	2	8	8	0	1
2018-06-15	2	31	32	6	0
2018-06-16	1	14	14	0	6
2018-06-17	2	47	51	1	16
2018-06-18	1	5	5	0	1
2018-06-19	1	18	18	0	2
2018-06-20	1	17	17	1	1
2018-06-21	1	13	13	0	1
2018-06-22	4	42	45	7	6
2018-06-23	0	0	0	0	0
2018-06-24	0	0	0	0	0
2018-06-25	0	0	0	0	0
2018-06-26	1	9	10	0	2
2018-06-27	1	6	6	0	0
2018-06-28	1	12	12	0	1
2018-06-29	1	8	8	0	0
2018-06-30	1	18	19	2	0
2018-07-01	1	7	7	0	1
2018-07-02	1	57	64	2	9
2018-07-03	3	29	30	1	4
2018-07-04	0	0	0	0	0
2018-07-05	2	48	49	25	3
2018-07-06	2	239	256	30	59
2018-07-07	1	3	3	0	2
2018-07-08	0	0	0	0	0
2018-07-09	1	9	9	0	0
2018-07-10	1	13	13	0	0
2018-07-11	1	19	22	5	14
2018-07-12	1	13	13	0	3
2018-07-13	1	2	2	0	0
2018-07-14	0	0	0	0	0
2018-07-15	1	21	24	0	2
2018-07-16	2	7	7	0	1
2018-07-17	2	25	26	0	3
2018-07-18	2	15	16	1	1
2018-07-19	1	13	13	0	2
2018-07-20	1	41	41	0	2
2018-07-21	0	0	0	0	0
2018-07-22	1	11	11	0	3
2018-07-23	0	0	0	0	0
2018-07-24	1	34	37	8	1
2018-07-25	1	37	68	7	11
2018-07-26	0	0	0	0	0
2018-07-27	1	9	9	0	1
2018-07-28	1	15	15	0	5
2018-07-29	0	0	0	0	0
2018-07-30	0	0	0	0	0
2018-07-31	0	0	0	0	0
2018-08-01	1	11	13	0	2
2018-08-02	1	43	50	11	15
2018-08-03	2	202	224	10	8
2018-08-04	0	0	0	0	0
2018-08-05	1	33	33	3	2
2018-08-06	1	70	80	5	7
2018-08-07	1	6	6	0	2
2018-08-08	3	15	16	0	0
2018-08-09	1	6	6	0	1
2018-08-10	1	23	23	0	3
2018-08-11	3	32	32	1	5
2018-08-12	0	0	0	0	0
2018-08-13	3	35	39	2	10
2018-08-14	3	69	78	3	7
2018-08-15	0	0	0	0	0
2018-08-16	0	0	0	0	0
2018-08-17	0	0	0	0	0
2018-08-18	1	19	19	0	1
2018-08-19	1	12	12	0	0
2018-08-20	0	0	0	0	0
2018-08-21	0	0	0	0	0
2018-08-22	1	9	9	0	3
2018-08-23	3	18	18	6	5
2018-08-24	1	39	50	16	7
2018-08-25	1	24	25	0	3
2018-08-26	1	26	29	2	3
2018-08-27	1	6	6	0	0
2018-08-28	2	40	44	7	13
2018-08-29	1	10	10	0	0
2018-08-30	0	0	0	0	0
2018-08-31	2	48	48	2	5
2018-09-01	0	0	0	0	0
2018-09-02	1	13	13	0	0
2018-09-03	1	28	30	0	4
2018-09-04	3	59	59	4	10
2018-09-05	3	46	47	4	7
2018-09-06	2	25	27	1	2
2018-09-07	2	29	31	1	4
2018-09-08	2	30	31	1	8
2018-09-09	1	11	11	0	0
2018-09-10	6	81	84	1	12
2018-09-11	2	26	30	3	1
2018-09-12	2	17	18	0	2
2018-09-13	1	62	62	9	0
2018-09-14	1	39	40	2	3
2018-09-15	0	0	0	0	0
2018-09-16	0	0	0	0	0
2018-09-17	3	25	26	1	7
2018-09-18	0	0	0	0	0
2018-09-19	1	8	8	0	1
2018-09-20	1	64	65	5	8
2018-09-21	2	60	62	2	5
2018-09-22	1	7	7	0	0
2018-09-23	2	175	183	5	14
2018-09-24	2	13	15	5	1
2018-09-25	3	12	13	1	2
2018-09-26	2	94	97	1	10
2018-09-27	2	53	55	4	6
2018-09-28	1	6	6	0	3
2018-09-29	3	62	66	2	4
2018-09-30	2	8	8	0	2
2018-10-01	3	32	33	0	7
2018-10-02	3	17	18	0	0
2018-10-03	2	46	48	2	18
2018-10-04	1	14	14	0	3
2018-10-05	2	15	15	1	1
2018-10-06	1	8	8	0	1
2018-10-07	2	14	14	2	9
2018-10-08	1	3	3	0	0
2018-10-09	2	21	21	0	2
2018-10-10	1	45	45	5	3
2018-10-11	1	24	24	1	2
2018-10-12	1	7	8	1	0
2018-10-13	0	0	0	0	0
2018-10-14	1	3	3	1	1
2018-10-15	2	18	18	0	3
2018-10-16	1	86	97	19	30
2018-10-17	1	16	16	0	1
2018-10-18	2	30	30	2	6
2018-10-19	2	88	94	10	17
2018-10-20	0	0	0	0	0
2018-10-21	1	42	51	2	14
2018-10-22	1	10	10	1	0
2018-10-23	2	94	97	11	16
2018-10-24	0	0	0	0	0
2018-10-25	1	4	4	2	2
2018-10-26	3	65	65	2	11
2018-10-27	1	21	22	3	6
2018-10-28	1	20	20	3	4
2018-10-29	2	30	30	5	4
2018-10-30	2	34	34	1	6
2018-10-31	5	86	89	18	12
2018-11-01	1	49	50	0	4
2018-11-02	2	51	55	1	7
2018-11-03	1	14	14	0	1
2018-11-04	1	25	25	1	0
2018-11-05	3	78	79	6	18
2018-11-06	3	18	19	0	6
2018-11-07	3	73	77	10	38
2018-11-08	2	12	12	2	2
2018-11-09	4	55	58	9	14
2018-11-10	1	6	6	0	2
2018-11-11	2	23	24	6	3
2018-11-12	1	9	10	0	9
2018-11-13	1	29	30	4	0
2018-11-14	2	34	45	3	19
2018-11-15	4	276	307	7	53
2018-11-16	3	151	154	21	31
2018-11-17	3	65	74	8	13
2018-11-18	4	61	64	2	25
2018-11-19	2	15	15	3	2
2018-11-20	2	26	26	0	2
2018-11-21	3	121	128	5	15
2018-11-22	3	49	49	3	5
2018-11-23	4	83	95	5	0
2018-11-24	3	21	24	1	8
2018-11-25	2	40	41	0	6
2018-11-26	3	20	20	0	18
2018-11-27	4	89	95	2	31
2018-11-28	4	60	66	4	14
2018-11-29	4	46	47	3	8
2018-11-30	3	84	86	1	5
2018-12-01	2	22	22	1	5
2018-12-02	2	28	28	2	4
2018-12-03	2	34	34	0	6
2018-12-04	2	12	14	0	1
2018-12-05	2	31	32	0	7
2018-12-06	0	0	0	0	0
2018-12-07	1	6	6	0	2
2018-12-08	1	4	4	2	1
2018-12-09	0	0	0	0	0
2018-12-10	1	16	18	1	1
2018-12-11	1	61	64	3	2
2018-12-12	1	3	3	0	2
2018-12-13	0	0	0	0	0
2018-12-14	2	40	40	2	4
2018-12-15	1	2	2	0	0
2018-12-16	0	0	0	0	0
2018-12-17	0	0	0	0	0
2018-12-18	1	8	8	1	1
2018-12-19	3	94	97	0	12
2018-12-20	2	75	80	5	12
2018-12-21	3	107	122	10	42
2018-12-22	1	27	27	4	14
2018-12-23	0	0	0	0	0
2018-12-24	1	11	11	0	0
2018-12-25	1	16	18	0	0
2018-12-26	1	15	15	0	2
2018-12-27	0	0	0	0	0
2018-12-28	1	11	11	1	1
2018-12-29	1	15	16	0	3
2018-12-30	0	0	0	0	0
2018-12-31	0	0	0	0	0
2019-01-01	1	8	8	0	0
2019-01-02	0	0	0	0	0
