day	posts	likes	reactions	comments	shares
2017-01-02	2	474	493	39	4
2017-01-03	0	0	0	0	0
2017-01-04	1	5	8	0	1
2017-01-05	1	21	22	11	1
2017-01-06	0	0	0	0	0
2017-01-07	0	0	0	0	0
2017-01-08	0	0	0	0	0
2017-01-09	1	16	16	1	4
2017-01-10	1	68	68	0	3
2017-01-11	0	0	0	0	0
2017-01-12	0	0	0	0	0
2017-01-13	0	0	0	0	0
2017-01-14	0	0	0	0	0
2017-01-15	0	0	0	0	0
2017-01-16	1	195	232	239	18
2017-01-17	0	0	0	0	0
2017-01-18	0	0	0	0	0
2017-01-19	0	0	0	0	0
2017-01-20	1	123	129	9	9
2017-01-21	0	0	0	0	0
2017-01-22	0	0	0	0	0
2017-01-23	1	38	39	0	8
2017-01-24	1	18	19	0	0
2017-01-25	1	54	56	0	0
2017-01-26	1	15	15	0	0
2017-01-27	0	0	0	0	0
2017-01-28	0	0	0	0	0
2017-01-29	0	0	0	0	0
2017-01-30	0	0	0	0	0
2017-01-31	1	13	13	0	0
2017-02-01	1	93	103	223	0
2017-02-02	0	0	0	0	0
2017-02-03	0	0	0	0	0
2017-02-04	0	0	0	0	0
2017-02-05	0	0	0	0	0
2017-02-06	0	0	0	0	0
2017-02-07	1	118	133	2	2
2017-02-08	1	24	25	17	2
2017-02-09	1	63	81	11	0
2017-02-10	1	28	30	1	0
2017-02-11	0	0	0	0	0
2017-02-12	0	0	0	0	0
2017-02-13	1	21	26	66	1
2017-02-14	1	268	292	37	4
2017-02-15	0	0	0	0	0
2017-02-16	1	27	29	23	5
2017-02-17	0	0	0	0	0
2017-02-18	0	0	0	0	0
2017-02-19	0	0	0	0	0
2017-02-20	1	60	61	0	2
2017-02-21	1	320	342	3	2
2017-02-22	0	0	0	0	0
2017-02-23	1	39	42	25	0
2017-02-24	0	0	0	0	0
2017-02-25	0	0	0	0	0
2017-02-26	0	0	0	0	0
2017-02-27	1	61	62	43	3
2017-02-28	1	352	370	8	19
2017-03-01	1	169	180	254	8
2017-03-02	0	0	0	0	0
2017-03-03	1	93	97	12	2
2017-03-04	0	0	0	0	0
2017-03-05	0	0	0	0	0
2017-03-06	0	0	0	0	0
2017-03-07	1	101	101	59	1
2017-03-08	1	37	179	5	4
2017-03-09	1	4	4	5	1
2017-03-10	0	0	0	0	0
2017-03-11	1	37	37	5	1
2017-03-12	0	0	0	0	0
2017-03-13	2	145	149	3	1
2017-03-14	0	0	0	0	0
2017-03-15	1	137	137	2	3
2017-03-16	0	0	0	0	0
2017-03-17	1	10	11	0	5
2017-03-18	0	0	0	0	0
2017-03-19	0	0	0	0	0
2017-03-20	1	33	34	1	0
2017-03-21	1	104	116	8	0
2017-03-22	0	0	0	0	0
2017-03-23	0	0	0	0	0
2017-03-24	1	15	15	0	0
2017-03-25	0	0	0	0	0
2017-03-26	0	0	0	0	0
2017-03-27	1	22	23	0	0
2017-03-28	1	47	49	0	3
2017-03-29	0	0	0	0	0
2017-03-30	0	0	0	0	0
2017-03-31	2	49	51	1	1
2017-04-01	0	0	0	0	0
2017-04-02	0	0	0	0	0
2017-04-03	0	0	0	0	0
2017-04-04	0	0	0	0	0
2017-04-05	1	14	16	11	1
2017-04-06	0	0	0	0	0
2017-04-07	1	66	68	3	0
2017-04-08	0	0	0	0	0
2017-04-09	0	0	0	0	0
2017-04-10	1	497	516	123	9
2017-04-11	1	220	226	8	4
2017-04-12	1	7	8	0	0
2017-04-13	1	76	79	36	1
2017-04-14	0	0	0	0	0
2017-04-15	0	0	0	0	0
2017-04-16	0	0	0	0	0
2017-04-17	0	0	0	0	0
2017-04-18	0	0	0	0	0
2017-04-19	0	0	0	0	0
2017-04-20	1	12	13	7	1
2017-04-21	0	0	0	0	0
2017-04-22	0	0	0	0	0
2017-04-23	0	0	0	0	0
2017-04-24	0	0	0	0	0
2017-04-25	2	68	75	15	2
2017-04-26	2	198	202	17	2
2017-04-27	0	0	0	0	0
2017-04-28	0	0	0	0	0
2017-04-29	1	20	21	0	0
2017-04-30	0	0	0	0	0
2017-05-01	0	0	0	0	0
2017-05-02	1	118	124	0	3
2017-05-03	1	27	28	0	2
2017-05-04	1	1	2	1	0
2017-05-05	0	0	0	0	0
2017-05-06	0	0	0	0	0
2017-05-07	0	0	0	0	0
2017-05-08	1	15	15	2	0
2017-05-09	1	37	43	2	3
2017-05-10	1	20	21	8	8
2017-05-11	0	0	0	0	0
2017-05-12	1	66	67	3	0
2017-05-13	0	0	0	0	0
2017-05-14	0	0	0	0	0
2017-05-15	2	6	7	2	0
2017-05-16	1	35	36	6	6
2017-05-17	0	0	0	0	0
2017-05-18	1	42	49	0	0
2017-05-19	0	0	0	0	0
2017-05-20	1	52	54	0	6
2017-05-21	0	0	0	0	0
2017-05-22	0	0	0	0	0
2017-05-23	1	403	446	21	26
2017-05-24	1	50	51	4	1
2017-05-25	0	0	0	0	0
2017-05-26	1	151	154	30	3
2017-05-27	1	81	86	26	5
2017-05-28	0	0	0	0	0
2017-05-29	0	0	0	0	0
2017-05-30	2	32	33	8	10
2017-05-31	0	0	0	0	0
2017-06-01	2	422	475	118	26
2017-06-02	1	58	62	29	10
2017-06-03	0	0	0	0	0
2017-06-04	0	0	0	0	0
2017-06-05	0	0	0	0	0
2017-06-06	0	0	0	0	0
2017-06-07	0	0	0	0	0
2017-06-08	1	23	24	4	0
2017-06-09	0	0	0	0	0
2017-06-10	0	0	0	0	0
2017-06-11	0	0	0	0	0
2017-06-12	0	0	0	0	0
2017-06-13	0	0	0	0	0
2017-06-14	0	0	0	0	0
2017-06-15	1	58	63	0	5
2017-06-16	1	13	14	2	0
2017-06-17	0	0	0	0	0
2017-06-18	0	0	0	0	0
2017-06-19	0	0	0	0	0
2017-06-20	1	34	36	4	4
2017-06-21	0	0	0	0	0
2017-06-22	0	0	0	0	0
2017-06-23	0	0	0	0	0
2017-06-24	0	0	0	0	0
2017-06-25	0	0	0	0	0
2017-06-26	1	17	18	0	2
2017-06-27	1	8	10	0	0
2017-06-28	0	0	0	0	0
2017-06-29	0	0	0	0	0
2017-06-30	1	24	25	10	0
2017-07-01	0	0	0	0	0
2017-07-02	0	0	0	0	0
2017-07-03	1	30	32	0	3
2017-07-04	1	7	9	0	1
2017-07-05	0	0	0	0	0
2017-07-06	1	49	55	5	0
2017-07-07	0	0	0	0	0
2017-07-08	0	0	0	0	0
2017-07-09	0	0	0	0	0
2017-07-10	0	0	0	0	0
2017-07-11	1	28	32	5	1
2017-07-12	1	233	244	47	4
2017-07-13	1	68	70	1	4
2017-07-14	0	0	0	0	0
2017-07-15	0	0	0	0	0
2017-07-16	0	0	0	0	0
2017-07-17	1	44	45	0	3
2017-07-18	0	0	0	0	0
2017-07-19	0	0	0	0	0
2017-07-20	1	24	25	0	2
2017-07-21	1	127	130	1	3
2017-07-22	0	0	0	0	0
2017-07-23	0	0	0	0	0
2017-07-24	0	0	0	0	0
2017-07-25	0	0	0	0	0
2017-07-26	0	0	0	0	0
2017-07-27	0	0	0	0	0
2017-07-28	0	0	0	0	0
2017-07-29	0	0	0	0	0
2017-07-30	0	0	0	0	0
2017-07-31	0	0	0	0	0
2017-08-01	1	46	51	13	4
2017-08-02	0	0	0	0	0
2017-08-03	0	0	0	0	0
2017-08-04	0	0	0	0	0
2017-08-05	0	0	0	0	0
2017-08-06	0	0	0	0	0
2017-08-07	1	36	39	0	2
2017-08-08	0	0	0	0	0
2017-08-09	1	33	39	22	4
2017-08-10	0	0	0	0	0
2017-08-11	0	0	0	0	0
2017-08-12	0	0	0	0	0
2017-08-13	0	0	0	0	0
2017-08-14	0	0	0	0	0
2017-08-15	1	37	38	2	1
2017-08-16	0	0	0	0	0
2017-08-17	2	99	104	10	1
2017-08-18	1	29	31	0	0
2017-08-19	1	23	26	2	2
2017-08-20	0	0	0	0	0
2017-08-21	2	118	121	7	2
2017-08-22	2	137	143	0	1
2017-08-23	2	103	108	0	1
2017-08-24	1	34	37	0	0
2017-08-25	2	58	63	1	2
2017-08-26	0	0	0	0	0
2017-08-27	1	38	39	1	3
2017-08-28	1	31	32	5	2
2017-08-29	2	54	56	3	6
2017-08-30	1	9	10	2	3
2017-08-31	1	17	18	0	0
2017-09-01	0	0	0	0	0
2017-09-02	0	0	0	0	0
2017-09-03	0	0	0	0	0
2017-09-04	2	92	96	1	9
2017-09-05	0	0	0	0	0
2017-09-06	1	36	37	1	1
2017-09-07	3	121	137	35	9
2017-09-08	2	64	73	1	3
2017-09-09	0	0	0	0	0
2017-09-10	0	0	0	0	0
2017-09-11	0	0	0	0	0
2017-09-12	1	97	110	8	2
2017-09-13	0	0	0	0	0
2017-09-14	1	15	15	0	3
2017-09-15	0	0	0	0	0
2017-09-16	0	0	0	0	0
2017-09-17	0	0	0	0	0
2017-09-18	0	0	0	0	0
2017-09-19	1	28	30	1	8
2017-09-20	0	0	0	0	0
2017-09-21	1	12	12	0	0
2017-09-22	1	80	87	1	0
2017-09-23	1	17	17	0	1
2017-09-24	1	74	78	16	1
2017-09-25	0	0	0	0	0
2017-09-26	1	15	16	5	1
2017-09-27	1	62	63	0	0
2017-09-28	1	57	58	12	0
2017-09-29	0	0	0	0	0
2017-09-30	0	0	0	0	0
2017-10-01	0	0	0	0	0
2017-10-02	1	130	148	32	4
2017-10-03	1	10	10	0	3
2017-10-04	1	40	41	11	4
2017-10-05	1	35	40	2	1
2017-10-06	0	0	0	0	0
2017-10-07	0	0	0	0	0
2017-10-08	0	0	0	0	0
2017-10-09	1	193	207	267	0
2017-10-10	0	0	0	0	0
2017-10-11	2	194	227	7	7
2017-10-12	1	80	88	14	3
2017-10-13	1	13	13	0	3
2017-10-14	1	10	10	3	0
2017-10-15	0	0	0	0	0
2017-10-16	0	0	0	0	0
2017-10-17	1	199	319	277	14
2017-10-18	1	71	84	65	3
2017-10-19	1	18	32	2	12
2017-10-20	0	0	0	0	0
2017-10-21	0	0	0	0	0
2017-10-22	0	0	0	0	0
2017-10-23	1	61	65	3	1
2017-10-24	1	18	18	3	1
2017-10-25	1	232	242	21	16
2017-10-26	1	162	166	11	5
2017-10-27	0	0	0	0	0
2017-10-28	0	0	0	0	0
2017-10-29	0	0	0	0	0
2017-10-30	0	0	0	0	0
2017-10-31	1	15	15	0	6
2017-11-01	2	18	22	0	3
2017-11-02	0	0	0	0	0
2017-11-03	0	0	0	0	0
2017-11-04	0	0	0	0	0
2017-11-05	0	0	0	0	0
2017-11-06	1	5	5	1	0
2017-11-07	1	3	3	0	0
2017-11-08	0	0	0	0	0
2017-11-09	2	47	128	329	8
2017-11-10	0	0	0	0	0
2017-11-11	0	0	0	0	0
2017-11-12	0	0	0	0	0
2017-11-13	0	0	0	0	0
2017-11-14	1	447	481	55	17
2017-11-15	1	83	83	1	2
2017-11-16	0	0	0	0	0
2017-11-17	2	17	19	9	2
2017-11-18	1	43	43	0	3
2017-11-19	0	0	0	0	0
2017-11-20	1	14	14	14	4
2017-11-21	1	54	56	15	3
2017-11-22	0	0	0	0	0
2017-11-23	0	0	0	0	0
2017-11-24	0	0	0	0	0
2017-11-25	1	36	36	36	0
2017-11-26	0	0	0	0	0
2017-11-27	0	0	0	0	0
2017-11-28	0	0	0	0	0
2017-11-29	0	0	0	0	0
2017-11-30	1	247	282	103	8
2017-12-01	1	10	10	0	0
2017-12-02	0	0	0	0	0
2017-12-03	0	0	0	0	0
2017-12-04	0	0	0	0	0
2017-12-05	1	57	58	0	0
2017-12-06	0	0	0	0	0
2017-12-07	1	10	10	2	0
2017-12-08	1	340	358	26	8
2017-12-09	1	41	41	0	0
2017-12-10	0	0	0	0	0
2017-12-11	3	297	361	143	24
2017-12-12	3	67	68	5	2
2017-12-13	1	313	341	35	12
2017-12-14	0	0	0	0	0
2017-12-15	1	26	26	9	1
2017-12-16	0	0	0	0	0
2017-12-17	0	0	0	0	0
2017-12-18	1	46	51	3	1
2017-12-19	0	0	0	0	0
2017-12-20	2	35	39	7	1
2017-12-21	1	98	104	3	10
2017-12-22	0	0	0	0	0
2017-12-23	0	0	0	0	0
2017-12-24	0	0	0	0	0
2017-12-25	0	0	0	0	0
2017-12-26	0	0	0	0	0
2017-12-27	0	0	0	0	0
2017-12-28	0	0	0	0	0
2017-12-29	1	50	51	4	2
2017-12-30	0	0	0	0	0
2017-12-31	0	0	0	0	0
2018-01-01	0	0	0	0	0
2018-01-02	1	57	62	0	0
2018-01-03	0	0	0	0	0
2018-01-04	1	358	376	153	12
2018-01-05	1	16	17	5	0
2018-01-06	0	0	0	0	0
2018-01-07	0	0	0	0	0
2018-01-08	1	64	65	2	4
2018-01-09	1	2	2	3	1
2018-01-10	2	155	175	386	16
2018-01-11	1	33	34	3	2
2018-01-12	0	0	0	0	0
2018-01-13	0	0	0	0	0
2018-01-14	0	0	0	0	0
2018-01-15	1	7	9	2	2
2018-01-16	2	272	313	113	5
2018-01-17	0	0	0	0	0
2018-01-18	1	126	213	162	24
2018-01-19	0	0	0	0	0
2018-01-20	0	0	0	0	0
2018-01-21	0	0	0	0	0
2018-01-22	0	0	0	0	0
2018-01-23	0	0	0	0	0
2018-01-24	0	0	0	0	0
2018-01-25	0	0	0	0	0
2018-01-26	0	0	0	0	0
2018-01-27	0	0	0	0	0
2018-01-28	0	0	0	0	0
2018-01-29	0	0	0	0	0
2018-01-30	1	82	86	4	6
2018-01-31	1	2	2	0	0
2018-02-01	0	0	0	0	0
2018-02-02	0	0	0	0	0
2018-02-03	0	0	0	0	0
2018-02-04	0	0	0	0	0
2018-02-05	0	0	0	0	0
2018-02-06	1	76	81	53	3
2018-02-07	0	0	0	0	0
2018-02-08	1	107	130	7	3
2018-02-09	1	11	11	0	0
2018-02-10	0	0	0	0	0
2018-02-11	0	0	0	0	0
2018-02-12	0	0	0	0	0
2018-02-13	1	23	24	0	0
2018-02-14	1	43	43	5	3
2018-02-15	1	64	70	10	5
2018-02-16	0	0	0	0	0
2018-02-17	0	0	0	0	0
2018-02-18	0	0	0	0	0
2018-02-19	1	78	88	1	5
2018-02-20	0	0	0	0	0
2018-02-21	1	26	26	6	3
2018-02-22	1	13	14	16	1
2018-02-23	2	237	256	15	6
2018-02-24	0	0	0	0	0
2018-02-25	0	0	0	0	0
2018-02-26	0	0	0	0	0
2018-02-27	1	62	62	4	1
2018-02-28	0	0	0	0	0
2018-03-01	1	17	19	2	1
2018-03-02	0	0	0	0	0
2018-03-03	0	0	0	0	0
2018-03-04	0	0	0	0	0
2018-03-05	2	56	58	16	11
2018-03-06	1	13	13	1	0
2018-03-07	1	30	33	5	0
2018-03-08	1	70	73	1	8
2018-03-09	1	90	105	8	2
2018-03-10	1	20	20	3	1
2018-03-11	0	0	0	0	0
2018-03-12	1	48	49	1	8
2018-03-13	0	0	0	0	0
2018-03-14	1	1	1	1	0
2018-03-15	1	4	4	0	0
2018-03-16	1	46	49	32	21
2018-03-17	0	0	0	0	0
2018-03-18	0	0	0	0	0
2018-03-19	0	0	0	0	0
2018-03-20	1	13	15	3	1
2018-03-21	1	6	6	0	0
2018-03-22	1	7	7	0	3
2018-03-23	1	21	21	4	0
2018-03-24	1	6	6	0	0
2018-03-25	0	0	0	0	0
2018-03-26	0	0	0	0	0
2018-03-27	1	36	42	1	2
2018-03-28	1	57	58	12	1
2018-03-29	2	122	127	62	3
2018-03-30	0	0	0	0	0
2018-03-31	0	0	0	0	0
2018-04-01	0	0	0	0	0
2018-04-02	0	0	0	0	0
2018-04-03	0	0	0	0	0
2018-04-04	0	0	0	0	0
2018-04-05	1	135	135	81	4
2018-04-06	0	0	0	0	0
2018-04-07	0	0	0	0	0
2018-04-08	0	0	0	0	0
2018-04-09	1	20	20	6	2
2018-04-10	1	9	9	1	0
2018-04-11	2	157	168	183	17
2018-04-12	1	5	5	0	1
2018-04-13	1	68	118	100	4
2018-04-14	0	0	0	0	0
2018-04-15	0	0	0	0	0
2018-04-16	0	0	0	0	0
2018-04-17	0	0	0	0	0
2018-04-18	1	13	16	4	0
2018-04-19	2	172	177	11	11
2018-04-20	1	77	84	193	8
2018-04-21	0	0	0	0	0
2018-04-22	1	57	59	1	0
2018-04-23	0	0	0	0	0
2018-04-24	0	0	0	0	0
2018-04-25	0	0	0	0	0
2018-04-26	1	40	42	1	1
2018-04-27	1	18	18	1	1
2018-04-28	0	0	0	0	0
2018-04-29	0	0	0	0	0
2018-04-30	1	23	23	5	2
2018-05-01	0	0	0	0	0
2018-05-02	0	0	0	0	0
2018-05-03	1	116	123	5	9
2018-05-04	0	0	0	0	0
2018-05-05	0	0	0	0	0
2018-05-06	0	0	0	0	0
2018-05-07	1	2	8	2	63
2018-05-08	1	8	8	3	6
2018-05-09	1	6	6	0	1
2018-05-10	0	0	0	0	0
2018-05-11	0	0	0	0	0
2018-05-12	0	0	0	0	0
2018-05-13	0	0	0	0	0
2018-05-14	1	2	2	0	1
2018-05-15	2	43	45	8	4
2018-05-16	0	0	0	0	0
2018-05-17	1	8	8	0	3
2018-05-18	0	0	0	0	0
2018-05-19	0	0	0	0	0
2018-05-20	0	0	0	0	0
2018-05-21	1	35	41	2	4
2018-05-22	2	16	17	10	0
2018-05-23	1	26	29	14	0
2018-05-24	2	23	23	2	1
2018-05-25	2	89	92	1	3
2018-05-26	0	0	0	0	0
2018-05-27	0	0	0	0	0
2018-05-28	1	66	78	1	8
2018-05-29	0	0	0	0	0
2018-05-30	1	11	18	0	4
2018-05-31	0	0	0	0	0
2018-06-01	2	240	270	33	27
2018-06-02	1	5	5	0	0
2018-06-03	0	0	0	0	0
2018-06-04	1	64	69	2	9
2018-06-05	2	39	45	2	8
2018-06-06	1	14	16	2	0
2018-06-07	0	0	0	0	0
2018-06-08	0	0	0	0	0
2018-06-09	0	0	0	0	0
2018-06-10	0	0	0	0	0
2018-06-11	0	0	0	0	0
2018-06-12	1	5	6	0	0
2018-06-13	1	12	12	2	1
2018-06-14	2	58	65	42	6
2018-06-15	0	0	0	0	0
2018-06-16	0	0	0	0	0
2018-06-17	0	0	0	0	0
2018-06-18	1	25	29	18	13
2018-06-19	0	0	0	0	0
2018-06-20	1	15	15	0	0
2018-06-21	1	25	26	14	10
2018-06-22	2	43	43	0	1
2018-06-23	0	0	0	0	0
2018-06-24	0	0	0	0	0
2018-06-25	0	0	0	0	0
2018-06-26	0	0	0	0	0
2018-06-27	0	0	0	0	0
2018-06-28	1	33	34	5	3
2018-06-29	0	0	0	0	0
2018-06-30	0	0	0	0	0
2018-07-01	0	0	0	0	0
2018-07-02	1	41	45	0	7
2018-07-03	0	0	0	0	0
2018-07-04	0	0	0	0	0
2018-07-05	0	0	0	0	0
2018-07-06	1	12	12	1	0
2018-07-07	0	0	0	0	0
2018-07-08	0	0	0	0	0
2018-07-09	0	0	0	0	0
2018-07-10	0	0	0	0	0
2018-07-11	2	73	106	67	18
2018-07-12	1	16	16	6	0
2018-07-13	0	0	0	0	0
2018-07-14	0	0	0	0	0
2018-07-15	0	0	0	0	0
2018-07-16	2	53	55	6	2
2018-07-17	1	13	13	4	0
2018-07-18	0	0	0	0	0
2018-07-19	0	0	0	0	0
2018-07-20	1	48	49	4	2
2018-07-21	0	0	0	0	0
2018-07-22	0	0	0	0	0
2018-07-23	2	45	54	4	3
2018-07-24	0	0	0	0	0
2018-07-25	0	0	0	0	0
2018-07-26	1	31	33	4	1
2018-07-27	0	0	0	0	0
2018-07-28	0	0	0	0	0
2018-07-29	0	0	0	0	0
2018-07-30	0	0	0	0	0
2018-07-31	1	12	12	1	3
2018-08-01	0	0	0	0	0
2018-08-02	1	178	202	9	4
2018-08-03	0	0	0	0	0
2018-08-04	0	0	0	0	0
2018-08-05	0	0	0	0	0
2018-08-06	0	0	0	0	0
2018-08-07	0	0	0	0	0
2018-08-08	1	17	19	0	0
2018-08-09	0	0	0	0	0
2018-08-10	0	0	0	0	0
2018-08-11	0	0	0	0	0
2018-08-12	0	0	0	0	0
2018-08-13	0	0	0	0	0
2018-08-14	1	22	22	1	0
2018-08-15	0	0	0	0	0
2018-08-16	1	78	80	4	0
2018-08-17	0	0	0	0	0
2018-08-18	1	58	63	4	0
2018-08-19	0	0	0	0	0
2018-08-20	2	57	59	5	5
2018-08-21	1	26	26	1	0
2018-08-22	1	33	37	0	0
2018-08-23	0	0	0	0	0
2018-08-24	0	0	0	0	0
2018-08-25	0	0	0	0	0
2018-08-26	0	0	0	0	0
2018-08-27	1	31	31	3	2
2018-08-28	0	0	0	0	0
2018-08-29	0	0	0	0	0
2018-08-30	1	44	49	17	4
2018-08-31	0	0	0	0	0
2018-09-01	0	0	0	0	0
2018-09-02	1	26	33	53	2
2018-09-03	0	0	0	0	0
2018-09-04	2	45	45	0	1
2018-09-05	0	0	0	0	0
2018-09-06	0	0	0	0	0
2018-09-07	0	0	0	0	0
2018-09-08	0	0	0	0	0
2018-09-09	0	0	0	0	0
2018-09-10	2	80	87	20	5
2018-09-11	0	0	0	0	0
2018-09-12	1	41	44	0	1
2018-09-13	0	0	0	0	0
2018-09-14	0	0	0	0	0
2018-09-15	0	0	0	0	0
2018-09-16	0	0	0	0	0
2018-09-17	1	9	9	3	1
2018-09-18	0	0	0	0	0
2018-09-19	0	0	0	0	0
2018-09-20	0	0	0	0	0
2018-09-21	1	15	15	2	2
2018-09-22	0	0	0	0	0
2018-09-23	0	0	0	0	0
2018-09-24	0	0	0	0	0
2018-09-25	0	0	0	0	0
2018-09-26	1	13	13	1	1
2018-09-27	0	0	0	0	0
2018-09-28	0	0	0	0	0
2018-09-29	0	0	0	0	0
2018-09-30	0	0	0	0	0
2018-10-01	0	0	0	0	0
2018-10-02	0	0	0	0	0
2018-10-03	1	15	16	1	0
2018-10-04	2	7	7	3	3
2018-10-05	0	0	0	0	0
2018-10-06	1	24	24	7	2
2018-10-07	2	79	80	12	9
2018-10-08	1	72	72	11	9
2018-10-09	0	0	0	0	0
2018-10-10	0	0	0	0	0
2018-10-11	1	4	4	1	3
2018-10-12	2	42	45	9	6
2018-10-13	0	0	0	0	0
2018-10-14	0	0	0	0	0
2018-10-15	0	0	0	0	0
2018-10-16	0	0	0	0	0
2018-10-17	1	7	7	4	1
2018-10-18	0	0	0	0	0
2018-10-19	1	9	9	0	1
2018-10-20	0	0	0	0	0
2018-10-21	0	0	0	0	0
2018-10-22	0	0	0	0	0
2018-10-23	0	0	0	0	0
2018-10-24	0	0	0	0	0
2018-10-25	1	15	16	6	2
2018-10-26	0	0	0	0	0
2018-10-27	0	0	0	0	0
2018-10-28	0	0	0	0	0
2018-10-29	0	0	0	0	0
2018-10-30	0	0	0	0	0
2018-10-31	1	16	17	3	0
2018-11-01	0	0	0	0	0
2018-11-02	0	0	0	0	0
2018-11-03	1	20	21	1	0
2018-11-04	0	0	0	0	0
2018-11-05	0	0	0	0	0
2018-11-06	0	0	0	0	0
2018-11-07	0	0	0	0	0
2018-11-08	1	14	15	1	2
2018-11-09	0	0	0	0	0
2018-11-10	0	0	0	0	0
2018-11-11	0	0	0	0	0
2018-11-12	1	9	9	1	0
2018-11-13	0	0	0	0	0
2018-11-14	0	0	0	0	0
2018-11-15	1	265	279	326	9
2018-11-16	2	72	76	8	0
2018-11-17	0	0	0	0	0
2018-11-18	0	0	0	0	0
2018-11-19	1	23	25	3	11
2018-11-20	0	0	0	0	0
2018-11-21	1	8	8	2	0
2018-11-22	1	4	4	0	1
2018-11-23	0	0	0	0	0
2018-11-24	0	0	0	0	0
2018-11-25	0	0	0	0	0
2018-11-26	1	9	14	20	0
2018-11-27	1	2	2	0	2
2018-11-28	1	32	36	1	0
2018-11-29	2	11	11	15	2
2018-11-30	1	10	10	0	0
2018-12-01	0	0	0	0	0
2018-12-02	0	0	0	0	0
2018-12-03	0	0	0	0	0
2018-12-04	0	0	0	0	0
2018-12-05	1	15	15	0	0
2018-12-06	1	27	27	4	1
2018-12-07	1	33	36	13	0
2018-12-08	0	0	0	0	0
2018-12-09	0	0	0	0	0
2018-12-10	0	0	0	0	0
2018-12-11	2	86	88	54	7
2018-12-12	2	11	11	0	1
2018-12-13	1	9	9	0	1
2018-12-14	0	0	0	0	0
2018-12-15	1	19	21	0	1
2018-12-16	1	11	13	2	0
2018-12-17	0	0	0	0	0
2018-12-18	2	38	41	0	0
2018-12-19	1	10	11	28	0
2018-12-20	1	9	10	0	1
2018-12-21	1	58	62	3	3
2018-12-22	1	9	10	1	2
2018-12-23	1	2	2	0	1
2018-12-24	0	0	0	0	0
2018-12-25	2	32	34	3	0
2018-12-26	1	8	9	6	1
2018-12-27	0	0	0	0	0
2018-12-28	1	8	9	1	0
2018-12-29	2	11	11	4	0
2018-12-30	1	10	10	2	2
2018-12-31	1	10	10	1	0
